uNumInput 8
uNumHidden 5
uNumOutput 3

0.293589453359
-0.79055210372
-0.551954312511
-2.25596043833
-2.05702623487
-0.72460640545
-0.44037109597
-0.18895452052
-0.211099936753

-0.843416689801
0.0652917207769
0.352427013785
-0.368520171561
-0.514037930745
-1.26746399734
-0.818067625571
-1.16797447186
0.583292929121

-2.346392522
-0.250180870551
0.340721805798
0.167454092851
0.225687923495
0.712193939573
1.0651075562
1.66342036199
-0.582941358297

-0.272029682044
0.153567542936
2.0959968319
0.858679433691
1.43617781215
0.109151836539
1.83687691897
1.98148563162
-1.64996177654

0.543313200528
-2.45230532299
-2.09161870809
0.800384577199
1.03386703623
0.776652611732
1.46502729272
-0.962677826326
0.463198311462

0.886818554078
1.00355318787
-0.594809505088
-0.705659513876
0.0329698166763
-0.046744293835

-0.344842743862
-0.564769317492
0.779080108859
0.65475598317
0.53306050132
0.731565711907

0.638616996391
1.07649308331
0.107718145739
0.015119618741
1.08353580726
-0.690601317555

